60 37 0
59.9292 37.4735 0
59.8436 37.9438 0
59.7434 38.4108 0
59.6285 38.874 0
59.4991 39.333 0
59.3554 39.7877 0
59.1975 40.2375 0
59.0254 40.6823 0
58.8393 41.1216 0
58.6393 41.5551 0
58.4255 41.9825 0
58.1981 42.4034 0
57.9572 42.8173 0
57.7037 43.2229 0
57.4378 43.6199 0
57.1597 44.0079 0
56.8697 44.3867 0
56.5681 44.756 0
56.255 45.1156 0
55.9307 45.4652 0
55.5955 45.8045 0
55.2495 46.1332 0
54.893 46.4511 0
54.5263 46.758 0
54.1495 47.0535 0
53.7638 47.3368 0
53.3698 47.6074 0
52.9678 47.8652 0
52.5582 48.1101 0
52.1413 48.3417 0
51.7175 48.5601 0
51.2869 48.765 0
50.8501 48.9562 0
50.4072 49.1337 0
49.9586 49.2973 0
49.5047 49.4467 0
49.0457 49.5819 0
48.5822 49.7026 0
48.1158 49.8085 0
47.6468 49.8995 0
47.1756 49.9755 0
46.7025 50.0367 0
46.2279 50.0828 0
45.7522 50.114 0
45.2756 50.1302 0
44.7986 50.1314 0
44.3215 50.1175 0
43.8447 50.0886 0
43.3685 50.0445 0
42.8933 49.9854 0
42.4205 49.9113 0
41.9509 49.8224 0
41.4848 49.7188 0
41.0225 49.6007 0
40.5644 49.4681 0
40.1108 49.3212 0
39.6621 49.16 0
39.2185 48.9848 0
38.7805 48.7956 0
38.3483 48.5925 0
37.9223 48.3756 0
37.5029 48.1451 0
37.0908 47.9013 0
36.6871 47.645 0
36.2921 47.3763 0
35.9062 47.0956 0
35.5295 46.8029 0
35.1623 46.4987 0
34.805 46.1831 0
34.4577 45.8563 0
34.1207 45.5186 0
33.7944 45.1703 0
33.4789 44.8115 0
33.1746 44.4425 0
32.8817 44.0636 0
32.6013 43.6759 0
32.3335 43.2801 0
32.0786 42.8764 0
31.8367 42.4651 0
31.608 42.0467 0
31.3927 41.6213 0
31.1909 41.1893 0
31.0027 40.7511 0
30.8283 40.3069 0
30.6679 39.857 0
30.5216 39.4019 0
30.3896 38.9418 0
30.2723 38.4776 0
30.1698 38.0106 0
30.0821 37.5411 0
30.0094 37.0695 0
29.9517 36.596 0
29.9088 36.1211 0
29.881 35.6451 0
29.8682 35.1684 0
29.8704 34.6914 0
29.8877 34.2143 0
29.92 33.7376 0
29.9674 33.2615 0
30.03 32.7867 0
30.1074 32.3147 0
30.1996 31.8458 0
30.3065 31.3805 0
30.4279 30.9192 0
30.5637 30.4621 0
30.7138 30.0095 0
30.8781 29.5619 0
31.0565 29.1196 0
31.2489 28.6828 0
31.4551 28.252 0
31.675 27.8275 0
31.9086 27.4095 0
32.1552 26.9993 0
32.4143 26.5976 0
32.6857 26.2046 0
32.9692 25.8207 0
33.2644 25.4461 0
33.5712 25.0812 0
33.8894 24.726 0
34.2186 24.381 0
34.5587 24.0465 0
34.9095 23.7225 0
35.2706 23.4095 0
35.6419 23.1077 0
36.0229 22.8176 0
36.4124 22.54 0
36.81 22.2751 0
37.2154 22.0231 0
37.6283 21.7842 0
38.0483 21.5585 0
38.4752 21.3462 0
38.9087 21.1474 0
39.3483 20.9623 0
39.7938 20.791 0
40.2448 20.6338 0
40.7011 20.4907 0
41.1623 20.362 0
41.6271 20.2479 0
42.0947 20.1488 0
42.5647 20.0645 0
43.0368 19.9951 0
43.5106 19.9407 0
43.9858 19.9013 0
44.4619 19.8768 0
44.9388 19.8674 0
45.4159 19.873 0
45.8929 19.8936 0
46.3695 19.9294 0
46.8454 19.9802 0
47.3197 20.0461 0
47.791 20.1269 0
48.2591 20.2224 0
48.7235 20.3325 0
49.1839 20.4571 0
49.64 20.5962 0
50.0915 20.7495 0
50.538 20.917 0
50.9791 21.0985 0
51.4145 21.294 0
51.844 21.5033 0
52.2671 21.7264 0
52.6834 21.9629 0
53.0918 22.2124 0
53.4915 22.4743 0
53.8825 22.7484 0
54.2643 23.0345 0
54.6367 23.3324 0
54.9995 23.6418 0
55.3524 23.9624 0
55.6951 24.2941 0
56.0273 24.6367 0
56.3488 24.9898 0
56.6593 25.3532 0
56.9585 25.7268 0
57.2459 26.1097 0
57.5207 26.501 0
57.7827 26.9004 0
58.0317 27.3075 0
58.2677 27.7221 0
58.4904 28.1437 0
58.6997 28.5721 0
58.8954 29.0069 0
59.0774 29.4479 0
59.2455 29.8947 0
59.3996 30.3469 0
59.5395 30.8044 0
59.665 31.2665 0
59.7757 31.732 0
59.8715 32.2002 0
59.9524 32.6707 0
60.0184 33.1432 0
60.0694 33.6173 0
60.1055 34.0927 0
60.1266 34.5691 0
60.1327 35.046 0
60.1237 35.5231 0
60.0997 36.0001 0
60.0605 36.4766 0
60.0063 36.9522 0
