48.6366 -99 0
50.5343 -86.8445 0
52.432 -74.689 0
54.3297 -62.5336 0
56.2274 -50.3781 0
58.1252 -38.2226 0
60.0229 -26.0671 0
61.9206 -13.9117 0
63.8183 -1.75618 0
65.716 10.3993 0
67.6137 22.5548 0
69.5114 34.7103 0
71.4091 46.8657 0
73.3069 59.0212 0
75.2046 71.1767 0
77.1023 83.3322 0
79 95.4876 0
18.2732 -99 0
22.0686 -86.625 0
25.864 -74.25 0
29.6595 -61.875 0
33.4549 -49.5 0
37.2503 -37.125 0
41.0457 -24.75 0
44.8412 -12.375 0
48.6366 -9.56572e-10 0
52.432 12.375 0
56.2274 24.75 0
60.0229 37.125 0
63.8183 49.5 0
67.6137 61.875 0
71.4091 74.25 0
75.2046 86.625 0
79 99 0
-12.0902 -99 0
-6.39706 -86.625 0
-0.703927 -74.25 0
4.98921 -61.875 0
10.6823 -49.5 0
16.3755 -37.125 0
22.0686 -24.75 0
27.7618 -12.375 0
33.4549 -9.56579e-10 0
39.148 12.375 0
44.8412 24.75 0
50.5343 37.125 0
56.2274 49.5 0
61.9206 61.875 0
67.6137 74.25 0
73.3069 86.625 0
79 99 0
-42.4536 -99 0
-34.8628 -86.625 0
-27.2719 -74.25 0
-19.6811 -61.875 0
-12.0902 -49.5 0
-4.49935 -37.125 0
3.0915 -24.75 0
10.6823 -12.375 0
18.2732 -9.56579e-10 0
25.864 12.375 0
33.4549 24.75 0
41.0457 37.125 0
48.6366 49.5 0
56.2274 61.875 0
63.8183 74.25 0
71.4091 86.625 0
79 99 0
-72.817 -99 0
-63.3284 -86.625 0
-53.8399 -74.25 0
-44.3513 -61.875 0
-34.8628 -49.5 0
-25.3742 -37.125 0
-15.8856 -24.75 0
-6.39706 -12.375 0
3.0915 -9.56572e-10 0
12.5801 12.375 0
22.0686 24.75 0
31.5572 37.125 0
41.0457 49.5 0
50.5343 61.875 0
60.0229 74.25 0
69.5114 86.625 0
79 99 0
-103.18 -99 0
-91.7941 -86.625 0
-80.4079 -74.25 0
-69.0216 -61.875 0
-57.6353 -49.5 0
-46.249 -37.125 0
-34.8628 -24.75 0
-23.4765 -12.375 0
-12.0902 -9.56579e-10 0
-0.703927 12.375 0
10.6823 24.75 0
22.0686 37.125 0
33.4549 49.5 0
44.8412 61.875 0
56.2274 74.25 0
67.6137 86.625 0
79 99 0
-110 -99 0
-98.1875 -86.625 0
-86.375 -74.25 0
-74.5625 -61.875 0
-62.75 -49.5 0
-50.9375 -37.125 0
-39.125 -24.75 0
-27.3125 -12.375 0
-15.5 -9.56579e-10 0
-3.6875 12.375 0
8.125 24.75 0
19.9375 37.125 0
31.75 49.5 0
43.5625 61.875 0
55.375 74.25 0
67.1875 86.625 0
79 99 0
