-4.52832 53.2782 0
-5.94477 52.6232 0
-7.33084 51.9085 0
-8.68464 51.1351 0
-10.0043 50.3041 0
-11.2879 49.4165 0
-12.5337 48.4735 0
-13.7392 47.4766 0
-14.8993 46.4298 0
-16.012 45.3354 0
-17.076 44.1951 0
-18.0897 43.0105 0
-19.0517 41.7832 0
-19.9608 40.5149 0
-20.8154 39.2072 0
-21.6141 37.8622 0
-22.3534 36.4853 0
-23.032 35.0796 0
-23.6491 33.6472 0
-24.204 32.1901 0
-24.6958 30.7104 0
-25.1239 29.21 0
-25.4875 27.6909 0
-25.7857 26.1555 0
-26.0175 24.6097 0
-26.1824 23.0573 0
-26.2803 21.5006 0
-26.3112 19.9417 0
-26.2753 18.3828 0
-26.1723 16.8261 0
-26.0024 15.2737 0
-25.7655 13.7278 0
-25.4623 12.194 0
-25.094 10.6768 0
-24.6612 9.17819 0
-24.1646 7.70015 0
-23.6051 6.24475 0
-22.9833 4.81403 0
-22.2999 3.41003 0
-21.5557 2.03479 0
-21.527 1.98456 0
-20.0598 -0.358615 0
-18.4119 -2.57201 0
-16.5921 -4.64529 0
-14.6087 -6.56813 0
-12.4741 -8.32755 0
-10.2093 -9.90626 0
-7.82697 -11.2967 0
-5.33858 -12.4922 0
-2.7568 -13.4856 0
-0.10716 -14.2668 0
2.59308 -14.8318 0
5.33072 -15.178 0
8.09252 -15.3031 0
10.8554 -15.2055 0
13.5964 -14.8866 0
16.3021 -14.3486 0
18.9594 -13.5938 0
21.551 -12.6262 0
24.0512 -11.4556 0
26.4473 -10.0889 0
28.7276 -8.53289 0
30.8797 -6.79483 0
32.8821 -4.89185 0
34.7226 -2.83681 0
36.3924 -0.63995 0
37.8829 1.68848 0
39.1811 4.12935 0
40.2767 6.66197 0
41.1651 9.27373 0
41.8415 11.952 0
42.3008 14.6799 0
42.5385 17.4304 0
42.5545 20.1888 0
42.3485 22.9418 0
41.9208 25.6748 0
41.2754 28.3607 0
40.4173 30.9826 0
39.351 33.5277 0
38.0811 35.9834 0
38.0541 36.0309 0
36.6723 38.2375 0
35.1205 40.3218 0
33.4067 42.2743 0
31.539 44.085 0
29.5288 45.7419 0
27.3961 47.2286 0
25.1526 48.538 0
22.8092 49.6638 0
20.3779 50.5993 0
17.8827 51.335 0
15.3399 51.867 0
12.7618 52.193 0
10.161 52.3109 0
7.55916 52.219 0
4.97798 51.9186 0
2.42996 51.412 0
-0.0724402 50.7012 0
-2.51294 49.79 0
-4.86739 48.6876 0
-7.12382 47.4006 0
-9.27125 45.9353 0
-11.2979 44.2985 0
-13.1836 42.5065 0
-14.9168 40.5712 0
-16.4892 38.5024 0
-17.8929 36.3097 0
-19.1154 34.0111 0
-20.1472 31.6261 0
-20.9838 29.1666 0
-21.6207 26.6444 0
-22.0532 24.0755 0
-22.2771 21.4854 0
-22.2921 18.8878 0
-22.0982 16.2953 0
-21.6954 13.7216 0
-21.0876 11.1922 0
-20.2796 8.72314 0
-19.2754 6.32639 0
-18.0796 4.01381 0
-18.0541 3.96911 0
-16.7579 1.89911 0
-15.3021 -0.0562482 0
-13.6944 -1.88783 0
-11.9423 -3.58651 0
-10.0565 -5.14082 0
-8.05578 -6.53548 0
-5.95115 -7.76386 0
-3.75285 -8.81998 0
-1.47205 -9.69756 0
0.86869 -10.3877 0
3.25414 -10.8868 0
5.67262 -11.1926 0
8.11246 -11.3032 0
10.5533 -11.217 0
12.9747 -10.9352 0
15.365 -10.4599 0
17.7125 -9.79316 0
20.0019 -8.93837 0
22.2106 -7.90421 0
24.3274 -6.69686 0
26.3419 -5.32221 0
28.2431 -3.78677 0
30.0121 -2.10564 0
31.638 -0.290178 0
33.1131 1.65057 0
34.4299 3.70755 0
35.5768 5.86387 0
36.5447 8.10123 0
37.3294 10.4085 0
37.927 12.7746 0
38.3327 15.1845 0
38.5428 17.6143 0
38.5568 20.0511 0
38.3749 22.4831 0
37.9971 24.8975 0
37.4269 27.2704 0
36.6688 29.5866 0
35.7269 31.835 0
34.605 34.0044 0
34.5811 34.0463 0
34.126 34.8143 0
33.6476 35.5667 0
33.1461 36.303 0
32.6221 37.0227 0
32.0758 37.7253 0
31.5079 38.4103 0
30.9186 39.0772 0
30.3085 39.7255 0
29.6778 40.3547 0
29.0272 40.9642 0
28.3569 41.5535 0
27.6682 42.1216 0
26.9628 42.667 0
26.2411 43.1895 0
25.5039 43.6887 0
24.7517 44.1644 0
23.985 44.616 0
23.2044 45.0434 0
22.4105 45.4462 0
21.6039 45.824 0
20.7851 46.1765 0
19.9547 46.5035 0
19.114 46.8042 0
18.2653 47.0779 0
17.4091 47.3246 0
16.5462 47.5441 0
15.6772 47.7362 0
14.8028 47.9009 0
13.9235 48.0381 0
13.0401 48.1476 0
12.1531 48.2293 0
11.2633 48.2831 0
10.3714 48.3089 0
9.4785 48.3065 0
8.58715 48.276 0
7.69804 48.2175 0
6.81182 48.1312 0
5.92914 48.0171 0
5.05065 47.8753 0
