0 0 0
2.2986 -1.04311 0
4.66466 -1.90894 0
7.08793 -2.59446 0
9.55816 -3.09662 0
12.064 -3.41228 0
14.583 -3.53843 0
17.1009 -3.47516 0
19.6071 -3.22311 0
22.0908 -2.78292 0
24.5375 -2.15644 0
26.9253 -1.34944 0
29.2438 -0.366328 0
31.4832 0.78863 0
33.6336 2.11116 0
35.6779 3.59122 0
37.6018 5.21779 0
39.3976 6.9835 0
41.0574 8.88098 0
42.5727 10.9017 0
43.9297 13.0273 0
45.1217 15.246 0
46.144 17.5481 0
46.9918 19.9242 0
47.6593 22.3598 0
48.1407 24.8336 0
48.435 27.3347 0
48.5407 29.8524 0
48.4568 32.3758 0
48.1835 34.8845 0
47.7233 37.3613 0
47.0787 39.7958 0
46.2522 42.1778 0
45.2472 44.4951 0
44.0728 46.7264 0
42.7357 48.8608 0
41.242 50.8892 0
39.5975 52.8027 0
37.8123 54.5886 0
35.9018 56.232 0
33.8747 57.7263 0
31.7397 59.0651 0
29.5056 60.2421 0
27.1913 61.247 0
24.8118 62.0738 0
22.3774 62.7196 0
19.8985 63.1814 0
17.3877 63.4559 0
14.8678 63.5408 0
12.3515 63.4363 0
9.84946 63.1432 0
7.37226 62.6622 0
4.93689 61.9958 0
2.5632 61.1501 0
0.261105 60.1291 0
-1.95961 58.9374 0
-4.08875 57.5793 0
-6.10766 56.0666 0
-8.00434 54.409 0
-9.77108 52.614 0
-11.4001 50.689 0
-12.8821 48.6437 0
-14.2037 46.4968 0
-15.3591 44.2591 0
-16.3438 41.9401 0
-17.1529 39.5495 0
-17.7801 37.1041 0
-18.2209 34.6233 0
-18.4741 32.1177 0
-18.5386 29.598 0
-18.4133 27.0756 0
-18.099 24.5728 0
-17.5984 22.1042 0
-16.914 19.6803 0
-16.0483 17.3114 0
-15.0055 15.011 0
-13.7951 12.7999 0
-12.4234 10.6879 0
-10.8964 8.68384 0
-9.21997 6.7967 0
