-78 44 0
-75.9333 47.6667 0
-73.8667 51.3333 0
-71.8 55 0
-69.7333 58.6667 0
-67.6667 62.3333 0
-65.6 66 0
-63.5333 69.6667 0
-61.4667 73.3333 0
-59.4 77 0
-57.3333 80.6667 0
-55.2667 84.3333 0
-53.2 88 0
-51.1333 91.6667 0
-49.0667 95.3333 0
-47 99 0
-47 99 0
-40.8 97.7333 0
-34.6 96.4667 0
-28.4 95.2 0
-22.2 93.9333 0
-16 92.6667 0
-9.8 91.4 0
-3.6 90.1333 0
2.6 88.8667 0
8.8 87.6 0
15 86.3333 0
21.2 85.0667 0
27.4 83.8 0
33.6 82.5333 0
39.8 81.2667 0
46 80 0
46 80 0
48.2 71.8 0
50.4 63.6 0
52.6 55.4 0
54.8 47.2 0
57 39 0
59.2 30.8 0
61.4 22.6 0
63.6 14.4 0
65.8 6.2 0
68 -2 0
70.2 -10.2 0
72.4 -18.4 0
74.6 -26.6 0
76.8 -34.8 0
79 -43 0
79 -43 0
72.2 -46.7333 0
65.4 -50.4667 0
58.6 -54.2 0
51.8 -57.9333 0
45 -61.6667 0
38.2 -65.4 0
31.4 -69.1333 0
24.6 -72.8667 0
17.8 -76.6 0
11 -80.3333 0
4.2 -84.0667 0
-2.6 -87.8 0
-9.4 -91.5333 0
-16.2 -95.2667 0
-23 -99 0
-23 -99 0
-28.8 -97.1333 0
-34.6 -95.2667 0
-40.4 -93.4 0
-46.2 -91.5333 0
-52 -89.6667 0
-57.8 -87.8 0
-63.6 -85.9333 0
-69.4 -84.0667 0
-75.2 -82.2 0
-81 -80.3333 0
-86.8 -78.4667 0
-92.6 -76.6 0
-98.4 -74.7333 0
-104.2 -72.8667 0
-110 -71 0
-110 -71 0
-107.867 -63.3333 0
-105.733 -55.6667 0
-103.6 -48 0
-101.467 -40.3333 0
-99.3333 -32.6667 0
-97.2 -25 0
-95.0667 -17.3333 0
-92.9333 -9.66667 0
-90.8 -2 0
-88.6667 5.66667 0
-86.5333 13.3333 0
-84.4 21 0
-82.2667 28.6667 0
-80.1333 36.3333 0
-78 44 0
