79 99 0
79 92.1724 0
79 85.3448 0
79 78.5172 0
79 71.6897 0
79 64.8621 0
79 58.0345 0
79 51.2069 0
79 44.3793 0
79 37.5517 0
79 30.7241 0
79 23.8966 0
79 17.069 0
79 10.2414 0
79 3.41379 0
79 -3.41379 0
79 -10.2414 0
79 -17.069 0
79 -23.8966 0
79 -30.7241 0
79 -37.5517 0
79 -44.3793 0
79 -51.2069 0
79 -58.0345 0
79 -64.8621 0
79 -71.6897 0
79 -78.5172 0
79 -85.3448 0
79 -92.1724 0
79 -99 0
79 -99 0
72.4828 -99 0
65.9655 -99 0
59.4483 -99 0
52.931 -99 0
46.4138 -99 0
39.8966 -99 0
33.3793 -99 0
26.8621 -99 0
20.3448 -99 0
13.8276 -99 0
7.31034 -99 0
0.793103 -99 0
-5.72414 -99 0
-12.2414 -99 0
-18.7586 -99 0
-25.2759 -99 0
-31.7931 -99 0
-38.3103 -99 0
-44.8276 -99 0
-51.3448 -99 0
-57.8621 -99 0
-64.3793 -99 0
-70.8966 -99 0
-77.4138 -99 0
-83.931 -99 0
-90.4483 -99 0
-96.9655 -99 0
-103.483 -99 0
-110 -99 0
-110 -99 0
-110 -92.1724 0
-110 -85.3448 0
-110 -78.5172 0
-110 -71.6897 0
-110 -64.8621 0
-110 -58.0345 0
-110 -51.2069 0
-110 -44.3793 0
-110 -37.5517 0
-110 -30.7241 0
-110 -23.8966 0
-110 -17.069 0
-110 -10.2414 0
-110 -3.41379 0
-110 3.41379 0
-110 10.2414 0
-110 17.069 0
-110 23.8966 0
-110 30.7241 0
-110 37.5517 0
-110 44.3793 0
-110 51.2069 0
-110 58.0345 0
-110 64.8621 0
-110 71.6897 0
-110 78.5172 0
-110 85.3448 0
-110 92.1724 0
-110 99 0
-110 99 0
-103.483 99 0
-96.9655 99 0
-90.4483 99 0
-83.931 99 0
-77.4138 99 0
-70.8966 99 0
-64.3793 99 0
-57.8621 99 0
-51.3448 99 0
-44.8276 99 0
-38.3103 99 0
-31.7931 99 0
-25.2759 99 0
-18.7586 99 0
-12.2414 99 0
-5.72414 99 0
0.793103 99 0
7.31034 99 0
13.8276 99 0
20.3448 99 0
26.8621 99 0
33.3793 99 0
39.8966 99 0
46.4138 99 0
52.931 99 0
59.4483 99 0
65.9655 99 0
72.4828 99 0
79 99 0
